   0.26737532  2.08730518
   0.336605592 2.83996368
   0.423761342 3.73041319
   0.533483934 4.57029525
   0.671616495  5.32335832
   0.84551509  6.28471715
   1.06444045  7.15638698
   1.34005117  7.82317983
   1.6870245  8.23849851
   2.12383806  8.31116465
   2.67375376  8.01712991
   3.36605662  7.33091848
   4.2376143  6.30819156
   5.33484044  5.10956755
   6.71616634  3.8397468
   8.45515265  2.68315191
   10.6444068  1.69584803
   13.4005144  0.975261292
   16.8702485  0.458757297
   21.238385  0.164070585
   26.7375431  0.0392720231
   33.6605732  0.0161407513
   42.3761518 0.
   53.3484155 0.
   67.1616774  0.
   84.5515441 0.
   106.44409  0.
   134.005172  0.
   168.70252  0.
   212.383894 0.
   267.375487 0.
   336.605802 0.