   0.26737532  0.896023287
   0.273603298  0.916904528
   0.279976334  0.938272354
   0.286497804  0.960138104
   0.293171216  0.982150736
   0.300000044  1.00430556
   0.306987953 1.02695966
   0.314138609  1.05012416
   0.321455836 1.07304779
   0.328943524  1.09570796
   0.336605592 1.11884147
   0.344446152  1.14245826
   0.352469317 1.16610996
   0.360679388 1.18978621
   0.369080701  1.21393277
   0.377677686  1.23855864
   0.386474933 1.26259948
   0.395477096  1.28601628
   0.404688955 1.30983896
   0.414115356  1.33407361
   0.423761334 1.35810971
   0.433632021  1.38192582
   0.443732612 1.40611453
   0.454068463  1.43068029
   0.464645087  1.45534862
   0.475468062 1.48011133
   0.486543126  1.50523798
   0.497876175  1.53073217
   0.509473201 1.55504806
   0.521340356  1.57811927
   0.533483951 1.6014216
   0.54591036  1.62495318
   0.558626278  1.64830604
   0.571638366 1.67145954
   0.584953507  1.6947973
   0.598578843  1.71831548
   0.612521513 1.74156763
   0.626788975 1.76452941
   0.641388751 1.78761594
   0.656328619  1.81082064
   0.671616483  1.83298764
   0.687260439  1.85405775
   0.703268838 1.87511498
   0.719650031 1.89614712
   0.736412879  1.91663643
   0.753566115  1.9365468
   0.771118919  1.95634484
   0.789080597  1.97601451
   0.807460649 1.99506698
   0.826268827  2.01346355
   0.845515076 2.03163467
   0.865209659 2.0495599
   0.885363032  2.06692358
   0.905985775 2.08369018
   0.927088854  2.10011641
   0.948683552  2.11617738
   0.970781215 2.13146385
   0.993393638  2.14593167
   1.01653274  2.159917
   1.04021082  2.17338955
   1.06444045  2.18611928
   1.0892345  2.19806456
   1.11460603  2.20938021
   1.14056849  2.22003039
   1.16713579  2.22978663
   1.19432183  2.23860173
   1.22214125  2.24661772
   1.25060848  2.25379251
   1.27973893  2.26077363
   1.3095479  2.26754705
   1.34005121  2.27340941
   1.37126505  2.27831458
   1.40320586  2.28190408
   1.43589073  2.28411444
   1.46933687  2.2851897
   1.50356213  2.28507578
   1.53858461  2.28475159
   1.57442293  2.28420581
   1.61109595  2.28239499
   1.64862319  2.27926048
   1.68702453  2.2763081
   1.72632037  2.27354562
   1.76653162  2.26941939
   1.80767932  2.26386742
   1.84978565  2.2567033
   1.89287267  2.24785519
   1.93696332  2.23737047
   1.98208107  2.22517767
   2.02824963  2.21413405
   2.0754936  2.2042952
   2.12383811  2.19279666
   2.17330878  2.17956646
   2.22393148  2.1661626
   2.27573352  2.15258152
   2.32874215  2.13719248
   2.3829857  2.11991855
   2.43849247  2.10361285
   2.49529228  2.0883252
   2.55341498  2.07118406
   2.61289167  2.05211129
   2.67375397  2.03235445
   2.73603349  2.01189019
   2.79976391  1.98936982
   2.86497887  1.96470872
   2.9317128  1.94246457
   3.00000114  1.92275614
   3.06988011  1.90107567
   3.14138692  1.87734192
   3.21455932  1.85459027
   3.28943581  1.83287458
   3.36605669  1.80914094
   3.44446223  1.7833072
   3.52469425  1.75952657
   3.60679484  1.73790224
   3.69080784  1.71431586
   3.77677788  1.68868773
   3.86475035  1.66459336
   3.95477192  1.64211244
   4.04689051  1.61768102
   4.14115458  1.59122056
   4.23761436  1.56638475
   4.3363211  1.5432578
   4.43732733  1.51820351
   4.54068559  1.49114491
   4.64645195  1.46823675
   4.75468151  1.44967759
   4.86543241  1.42945717
   4.97876277  1.40750826
   5.09473328  1.38658667
   5.21340464  1.36674792
   5.33484059  1.34523259
   5.45910488  1.32197345
   5.5862638  1.30057181
   5.71638468  1.28112116
   5.84953635  1.26005875
   5.98578971  1.23732001
   6.12521666  1.21806763
   6.26789115  1.2024682
   6.41388917  1.18548115
   6.56328823  1.16705029
   6.71616687  1.15065694
   6.87260618  1.13640045
   7.03268979  1.12085547
   7.19650235  1.10396973
   7.36413058  1.08834957
   7.53566319  1.07405896
   7.71119097  1.05851215
   7.89080776  1.04165828
   8.0746084  1.02842942
   8.26269031  1.01899579
   8.45515293  1.00856471
   8.65209927  0.997094779
   8.85363236  0.985895838
   9.0598603  0.974984535
   9.27089122  0.963030045
   9.48683832  0.949989614
   9.70781483  0.939444917
   9.93393905  0.931513528
   10.1653303  0.922702941
   10.4021111  0.912976513
   10.6444077  0.903873717
   10.8923478  0.895426435
   11.1460628  0.886095231
   11.4056885  0.875843464
   11.6713605  0.865379971
   11.9432216  0.854699198
   12.2214146  0.84305135
   12.5060883  0.83039711
   12.7973928  0.818285507
   13.0954821  0.806746198
   13.4005152  0.794225329
   13.7126533  0.780683457
   14.0320617  0.766181611
   14.3589106  0.750682213
   14.6933725  0.734045074
   15.0356259  0.716225541
   15.3858502  0.697486448
   15.7442331  0.67779403
   16.1109634  0.656805817
   16.4862357  0.634472109
   16.8702491  0.610341483
   17.2632086  0.584342883
   17.6653201  0.55680204
   18.0767988  0.527661073
   18.4978611  0.498581935
   18.9287313  0.469580507
   19.3696378  0.4389575
   19.8208153  0.406653046
   20.2825024  0.375023984
   20.7549419  0.344115602
   21.2383867  0.311563797
   21.7330919  0.277308868
   22.2393205  0.245665865
   22.7573418  0.216768078
   23.2874271  0.186390896
   23.8298621  0.154480816
   24.3849303  0.128240164
   24.9529295  0.107938681
   25.5341574  0.0866219114
   26.1289243  0.0642535027
   26.7375443  0.0480529337
   27.3603416  0.0383081117
   27.9976467  0.0280832291
   28.6497963  0.0173612303
   29.3171351  0.0105715401
   30.0000201  0.00789606042
   30.6988102  0.00509021012
   31.4138768  0.00214936432
   32.1455993  0.000570683765
   32.8943673  0.00041683218
   33.6605765  0.000255503589
   34.444633  8.64332092E-05
   35.2469507 0.
   36.0679581 0.
   36.9080876  0.
   37.767788  0.
   38.6475122 0.
   39.5477294  0.
   40.4689128 0.
   41.411556  0.
   42.3761569 0.
   43.3632212  0.
   44.3732835 0.
   45.4068701  0.
   46.4645318  0.
   47.5468274 0.
   48.6543363  0.
   49.7876419  0.
   50.947344  0.
   52.1340627  0.
   53.3484182 0.
   54.5910631  0.
   55.8626543  0.
   57.163861  0.
   58.4953808  0.
   59.8579114  0.
   61.2521829 0.
   62.6789299 0.
   64.138907  0.
   65.6328976  0.
   67.1616809  0.
   68.7260812  0.
   70.3269142 0.
   71.9650368 0.
   73.6413221  0.
   75.3566513  0.
   77.1119301  0.
   78.9080969  0.
   80.7461064 0.
   82.6269214  0.
   84.5515537 0.
   86.521007  0.
   88.5363419  0.
   90.5986193 0.
   92.7089326  0.
   94.8683995  0.
   97.0781707 0.
   99.339413  0.
   101.653326  0.
   104.021133  0.
   106.444099  0.
   108.923498  0.
   111.460659  0.
   114.056912  0.
   116.713636  0.
   119.432242  0.
   122.214176  0.
   125.060914  0.
   127.973957  0.
   130.954856  0.
   134.005185  0.
   137.12656  0.
   140.320654  0.
   143.589147  0.
   146.93377  0.
   150.356285  0.
   153.858537  0.
   157.442368  0.
   161.109672  0.
   164.862392  0.
   168.702534  0.
   172.632122  0.
   176.653245  0.
   180.768025  0.
   184.978648  0.
   189.287366  0.
   193.696431  0.
   198.208194  0.
   202.825069 0.
   207.549472 0.
   212.383916 0.
   217.33098  0.
   222.393258  0.
   227.573475  0.
   232.874341  0.
   238.298678  0.
   243.84936  0.
   249.529339 0.
   255.341636  0.
   261.2893  0.
   267.375516 0.
   273.603497  0.
   279.976525  0.
   286.498041  0.
   293.171425  0.
   300.000266  0.
   306.988155 0.
   314.138846  0.
   321.456091 0.
   328.943742  0.
   336.605847 0.